6
11 5
 0 54  1 79  2 16  3 66  4 58 
 0 83  1  3  2 89  3 58  4 56 
 0 15  1 11  2 49  3 31  4 20 
 0 71  1 99  2 15  3 68  4 85 
 0 77  1 56  2 89  3 78  4 53 
 0 36  1 70  2 45  3 91  4 35 
 0 53  1 99  2 60  3 13  4 53 
 0 38  1 60  2 23  3 59  4 41 
 0 27  1  5  2 57  3 49  4 69 
 0 87  1 56  2 64  3 85  4 13 
 0 76  1  3  2  7  3 85  4 86 
10 5
 0 15  1 28  2 77  3  1  4 45 
 0 64  1  4  2 36  3 59  4 73 
 0 64  1 43  2 57  3 95  4 59 
 0 48  1 93  2 15  3 49  4 63 
 0  9  1  1  2 81  3 90  4 54 
 0 91  1 81  2 82  3 78  4 98 
 0 27  1 77  2 98  3  3  4 39 
 0 34  1 69  2 97  3 69  4 75 
 0 42  1 52  2 12  3 99  4 33 
 0  3  1 28  2 35  3 41  4  8  
10 10
 0 74  1 28  2 89  3 60  4 54  5 92  6  9  7  4  8 25  9 15 
 0 21  1  3  2 52  3 88  4 66  5 11  6  8  7 18  8 15  9 84 
 0 58  1 27  2 56  3 26  4 12  5 54  6 88  7 25  8 91  9  8 
 0  4  1 61  2 13  3 58  4 57  5 97  6 72  7 28  8 49  9 30 
 0 21  1 34  2  7  3 76  4 70  5 57  6 27  7 95  8 56  9 95 
 0 28  1 76  2 32  3 98  4 82  5 53  6 22  7 51  8 10  9 79 
 0 58  1 64  2 32  3 29  4 99  5 65  6 50  7 84  8 62  9  9 
 0 83  1 87  2 98  3 47  4 84  5 77  6  2  7 18  8 70  9 91 
 0 31  1 54  2 46  3 79  4 16  5 51  6 49  7  6  8 76  9 76 
 0 61  1 98  2 60  3 26  4 41  5 36  6 82  7 90  8 99  9 26 
11 10
 0 47  1 80  2 51  3 63  4 60  5 70  6 39  7 33  8  5  9  9 
 0 77  1 46  2 79  3 22  4 20  5 96  6 75  7  1  8 37  9 14 
 0 66  1 37  2 35  3 47  4 13  5 56  6 66  7 59  8 72  9 37 
 0 13  1 86  2 63  3 46  4 64  5 22  6 89  7 85  8  6  9 54 
 0 77  1 85  2 18  3 72  4 67  5 44  6 56  7  1  8 90  9 14 
 0 20  1 67  2 67  3 16  4 25  5 83  6 42  7 85  8 71  9 53 
 0 29  1 22  2 73  3 35  4 39  5 66  6 90  7 65  8 47  9 27 
 0 11  1 67  2  2  3  2  4 40  5 56  6 77  7 47  8 60  9 64 
 0 85  1 20  2 23  3 22  4 72  5 27  6 76  7 13  8 93  9 25 
 0 98  1  1  2 59  3 50  4 28  5 52  6 43  7 12  8 17  9 79 
 0 36  1 39  2 46  3 58  4 36  5 46  6 14  7 23  8 65  9 30  
10 20
 0 50  1 78  2 36  3 85  4  9  5 75  6 46  7 73  8 71  9  7 10 49 11  3 12 60 13 12 14 75 15 31 16 70 17 20 18 88 19  9 
 0 90  1 56  2 43  3 88  4 92  5 64  6 94  7  3  8 49  9 40 10 49 11 53 12 88 13 47 14 19 15 61 16 78 17 78 18 30 19 41 
 0 39  1  9  2 10  3 60  4 98  5 96  6  6  7 56  8 36  9 33 10 15 11 59 12 15 13 46 14 60 15 47 16 41 17 38 18 34 19 22 
 0 34  1 43  2 19  3 98  4 44  5 95  6 19  7 73  8 87  9 64 10 18 11  7 12 26 13 17 14 87 15 32 16  9 17 26 18 33 19 34 
 0 66  1 84  2 55  3  4  4 51  5 22  6 20  7 80  8  8  9  5 10 65 11 65 12 11 13 43 14 27 15 34 16 47 17 64 18 21 19 83 
 0 81  1 73  2 48  3 99  4  8  5 41  6 51  7 82  8 25  9 25 10 55 11 58 12 16 13 16 14 48 15 69 16 94 17 62 18  7 19 55 
 0 27  1 66  2 85  3 53  4 31  5 26  6 85  7 36  8 76  9 89 10  1 11 24 12 55 13 91 14 72 15 32 16 26 17 11 18 94 19  3 
 0 48  1 38  2 70  3 21  4 15  5 33  6 92  7 98  8 73  9 95 10 79 11 55 12 59 13 94 14 88 15  1 16 65 17 38 18 10 19  8 
 0 46  1 83  2 82  3 33  4 47  5 68  6 43  7 90  8 80  9 58 10 10 11 26 12 81 13 73 14 48 15  1 16 17 17 68 18 73 19 75 
 0 68  1 57  2 39  3 53  4 31  5  9  6 75  7 46  8  6  9 83 10 37 11 40 12 53 13 89 14 59 15 80 16 42 17 37 18 85 19 30 
9 20
 0 66  1 21  2 45  3 56  4 49  5 39  6 13  7 34  8 22  9 53 10 40 11 17 12 72 13 50 14 99 15 50 16 26 17 99 18 61 19  1 
 0 41  1 63  2  2  3 14  4 44  5 12  6 36  7 18  8 56  9 71 10 62 11 92 12 33 13 82 14 53 15  4 16 50 17 48 18 55 19 54 
 0 74  1 45  2 39  3 88  4 76  5 45  6  6  7  4  8 63  9 98 10  8 11 90 12 71 13 16 14 52 15 20 16  4 17 41 18  2 19 94 
 0 62  1 70  2  4  3 41  4 88  5 34  6 22  7 65  8 56  9 99 10 13 11 58 12 68 13 17 14  9 15 19 16  8 17 40 18 55 19 63 
 0 70  1 41  2 46  3  4  4 45  5 11  6 44  7 58  8 79  9 54 10 87 11 19 12 94 13 68 14  8 15 58 16 60 17 76 18 78 19 91 
 0 30  1  6  2 11  3 52  4 52  5 71  6 65  7 35  8 82  9 20 10 40 11 97 12 82 13 65 14 50 15 22 16 60 17 89 18 27 19 27 
 0 66  1 70  2 66  3 17  4 31  5 53  6 87  7 86  8 92  9 62 10 27 11 80 12 46 13 92 14 62 15 56 16 80 17 42 18 13 19 55 
 0 11  1 33  2 59  3 95  4 66  5 28  6 50  7 34  8 19  9 18 10 44 11 28 12 78 13 37 14 14 15 92 16 38 17 90 18 20 19 74 
 0 51  1 97  2 28  3 15  4 17  5 93  6 96  7 49  8 45  9 81 10 41 11 67 12 37 13 47 14 21 15 59 16 51 17 61 18 38 19 77 