5
20 2
0 54 1 79
0 83 1 3
0 15 1 11
0 71 1 99
0 77 1 56
0 36 1 70
0 53 1 99
0 38 1 60
0 27 1 5
0 87 1 56
0 76 1 3
0 91 1 61
0 14 1 73
0 29 1 75
0 12 1 47
0 77 1 14
0 32 1 21
0 87 1 86
0 68 1 5
0 94 1 77
50 2
0 75 1 26
0 87 1 37
0 13 1 25
0 11 1 95
0 41 1 49
0 43 1 12
0 93 1 59
0 69 1 17
0 80 1 46
0 13 1 20
0 24 1 52
0 72 1 44
0 38 1 92
0 81 1 75
0 83 1 95
0 88 1 33
0 26 1 10
0 6 1 45
0 89 1 2
0 67 1 62
0 70 1 62
0 30 1 82
0 89 1 29
0 30 1 29
0 68 1 94
0 21 1 20
0 78 1 42
0 46 1 80
0 99 1 94
0 10 1 35
0 17 1 8
0 23 1 41
0 83 1 65
0 47 1 4
0 86 1 71
0 18 1 30
0 67 1 14
0 46 1 32
0 4 1 50
0 14 1 30
0 4 1 27
0 20 1 98
0 88 1 39
0 50 1 84
0 84 1 65
0 58 1 12
0 93 1 58
0 76 1 45
0 50 1 49
0 30 1 15
100 2
0 73 1 34
0 84 1 46
0 57 1 97
0 52 1 88
0 66 1 52
0 67 1 49
0 33 1 88
0 62 1 15
0 65 1 55
0 7 1 6
0 6 1 77
0 31 1 49
0 42 1 46
0 82 1 14
0 48 1 35
0 45 1 40
0 79 1 1
0 86 1 70
0 10 1 46
0 47 1 28
0 67 1 73
0 86 1 24
0 64 1 44
0 38 1 55
0 13 1 94
0 69 1 52
0 4 1 40
0 21 1 76
0 25 1 92
0 74 1 22
0 11 1 46
0 85 1 19
0 50 1 18
0 21 1 50
0 93 1 31
0 98 1 41
0 91 1 51
0 26 1 73
0 4 1 22
0 28 1 21
0 61 1 79
0 8 1 93
0 55 1 98
0 68 1 89
0 30 1 44
0 26 1 64
0 81 1 93
0 95 1 66
0 49 1 14
0 6 1 10
0 82 1 36
0 71 1 36
0 61 1 69
0 84 1 79
0 29 1 90
0 44 1 51
0 83 1 81
0 12 1 16
0 54 1 28
0 19 1 26
0 52 1 97
0 59 1 33
0 74 1 77
0 42 1 68
0 60 1 28
0 43 1 46
0 80 1 16
0 34 1 96
0 74 1 59
0 46 1 56
0 40 1 4
0 27 1 52
0 79 1 89
0 1 1 84
0 98 1 42
0 44 1 37
0 8 1 90
0 55 1 51
0 55 1 84
0 27 1 16
0 69 1 39
0 79 1 16
0 97 1 37
0 39 1 19
0 54 1 15
0 75 1 68
0 88 1 7
0 87 1 58
0 97 1 47
0 4 1 27
0 79 1 82
0 59 1 72
0 7 1 1
0 89 1 7
0 61 1 22
0 42 1 40
0 79 1 59
0 85 1 16
0 66 1 7
0 99 1 72
200 2
0 17 1 30
0 37 1 26
0 22 1 2
0 71 1 29
0 79 1 98
0 37 1 67
0 69 1 92
0 53 1 51
0 59 1 53
0 64 1 82
0 11 1 86
0 67 1 47
0 27 1 36
0 64 1 23
0 59 1 34
0 31 1 66
0 43 1 43
0 42 1 71
0 56 1 31
0 88 1 36
0 71 1 41
0 86 1 6
0 6 1 28
0 54 1 43
0 92 1 18
0 75 1 64
0 83 1 28
0 2 1 13
0 60 1 7
0 62 1 13
0 83 1 93
0 73 1 93
0 55 1 56
0 3 1 72
0 71 1 71
0 34 1 28
0 40 1 95
0 13 1 96
0 62 1 55
0 56 1 58
0 28 1 66
0 53 1 3
0 71 1 77
0 5 1 80
0 73 1 2
0 95 1 82
0 23 1 86
0 49 1 16
0 17 1 29
0 81 1 24
0 88 1 89
0 62 1 96
0 35 1 99
0 78 1 15
0 90 1 49
0 36 1 78
0 46 1 48
0 98 1 64
0 75 1 3
0 36 1 63
0 74 1 14
0 86 1 95
0 67 1 88
0 87 1 9
0 68 1 61
0 1 1 24
0 87 1 38
0 87 1 50
0 7 1 47
0 34 1 42
0 1 1 30
0 91 1 97
0 7 1 49
0 6 1 79
0 46 1 19
0 3 1 80
0 45 1 30
0 55 1 24
0 92 1 58
0 67 1 43
0 13 1 6
0 30 1 95
0 27 1 43
0 19 1 99
0 51 1 22
0 86 1 99
0 20 1 11
0 95 1 99
0 79 1 60
0 48 1 42
0 83 1 33
0 91 1 68
0 78 1 78
0 41 1 26
0 61 1 77
0 90 1 1
0 57 1 13
0 4 1 67
0 21 1 87
0 68 1 31
0 87 1 49
0 62 1 90
0 69 1 6
0 79 1 76
0 69 1 94
0 35 1 76
0 25 1 79
0 68 1 66
0 14 1 51
0 9 1 14
0 74 1 89
0 61 1 87
0 58 1 1
0 81 1 65
0 52 1 53
0 93 1 19
0 44 1 21
0 57 1 98
0 89 1 90
0 81 1 45
0 69 1 77
0 98 1 54
0 78 1 86
0 70 1 2
0 3 1 3
0 70 1 88
0 62 1 39
0 81 1 56
0 61 1 24
0 65 1 91
0 65 1 86
0 33 1 80
0 62 1 58
0 19 1 54
0 57 1 57
0 82 1 42
0 78 1 32
0 94 1 5
0 65 1 43
0 14 1 80
0 9 1 86
0 29 1 47
0 70 1 95
0 90 1 86
0 86 1 40
0 12 1 31
0 40 1 61
0 12 1 12
0 64 1 64
0 32 1 17
0 18 1 52
0 11 1 56
0 40 1 35
0 14 1 60
0 22 1 75
0 49 1 10
0 95 1 50
0 82 1 66
0 7 1 53
0 19 1 58
0 95 1 12
0 39 1 66
0 71 1 81
0 34 1 51
0 89 1 75
0 63 1 71
0 85 1 46
0 60 1 88
0 91 1 58
0 49 1 73
0 46 1 27
0 10 1 26
0 19 1 38
0 50 1 48
0 65 1 8
0 41 1 14
0 58 1 58
0 62 1 89
0 45 1 44
0 67 1 16
0 64 1 20
0 6 1 69
0 77 1 67
0 94 1 80
0 24 1 81
0 38 1 82
0 73 1 27
0 59 1 5
0 61 1 44
0 14 1 38
0 59 1 53
0 83 1 16
0 3 1 48
0 46 1 16
0 16 1 31
0 56 1 79
0 40 1 75
0 7 1 14
0 79 1 67
0 55 1 70
500 2
0 36 1 4
0 21 1 19
0 87 1 7
0 18 1 29
0 33 1 71
0 68 1 79
0 24 1 20
0 30 1 84
0 44 1 59
0 57 1 30
0 93 1 43
0 53 1 33
0 76 1 76
0 8 1 33
0 10 1 90
0 34 1 42
0 1 1 94
0 6 1 61
0 19 1 76
0 85 1 87
0 47 1 71
0 49 1 5
0 59 1 82
0 15 1 92
0 44 1 51
0 56 1 3
0 20 1 12
0 82 1 21
0 4 1 58
0 65 1 66
0 15 1 63
0 24 1 46
0 52 1 71
0 28 1 79
0 80 1 84
0 75 1 56
0 45 1 84
0 79 1 72
0 33 1 35
0 55 1 48
0 97 1 93
0 38 1 56
0 83 1 20
0 33 1 19
0 37 1 64
0 76 1 30
0 93 1 11
0 50 1 41
0 27 1 38
0 24 1 93
0 84 1 86
0 70 1 58
0 14 1 63
0 45 1 99
0 4 1 28
0 23 1 45
0 66 1 15
0 71 1 28
0 7 1 44
0 80 1 70
0 26 1 8
0 3 1 67
0 29 1 67
0 76 1 75
0 85 1 75
0 87 1 50
0 80 1 33
0 33 1 51
0 29 1 32
0 85 1 87
0 33 1 99
0 22 1 67
0 20 1 66
0 66 1 32
0 91 1 76
0 26 1 34
0 68 1 89
0 38 1 9
0 52 1 7
0 80 1 86
0 74 1 26
0 53 1 80
0 37 1 44
0 96 1 53
0 87 1 38
0 2 1 32
0 35 1 81
0 11 1 46
0 85 1 1
0 4 1 53
0 15 1 26
0 78 1 83
0 83 1 24
0 47 1 35
0 80 1 82
0 70 1 2
0 41 1 63
0 68 1 44
0 8 1 45
0 25 1 26
0 79 1 3
0 17 1 66
0 20 1 63
0 18 1 37
0 76 1 47
0 11 1 23
0 37 1 98
0 50 1 2
0 20 1 7
0 53 1 48
0 77 1 49
0 3 1 27
0 69 1 36
0 70 1 10
0 92 1 17
0 23 1 22
0 29 1 75
0 75 1 71
0 53 1 19
0 63 1 33
0 47 1 68
0 1 1 82
0 67 1 4
0 43 1 37
0 86 1 62
0 20 1 89
0 96 1 62
0 19 1 7
0 57 1 14
0 45 1 26
0 73 1 69
0 86 1 80
0 37 1 94
0 99 1 2
0 9 1 66
0 98 1 34
0 69 1 81
0 23 1 74
0 61 1 68
0 9 1 31
0 72 1 91
0 76 1 90
0 71 1 10
0 9 1 61
0 11 1 7
0 20 1 72
0 53 1 35
0 17 1 41
0 30 1 78
0 62 1 19
0 53 1 24
0 43 1 45
0 2 1 8
0 87 1 39
0 51 1 5
0 4 1 20
0 23 1 79
0 12 1 8
0 51 1 46
0 96 1 10
0 31 1 83
0 80 1 56
0 35 1 75
0 83 1 26
0 38 1 76
0 48 1 35
0 4 1 63
0 84 1 62
0 20 1 14
0 80 1 49
0 92 1 16
0 23 1 9
0 79 1 49
0 1 1 85
0 67 1 61
0 64 1 27
0 99 1 98
0 70 1 36
0 46 1 32
0 42 1 83
0 15 1 34
0 3 1 13
0 10 1 39
0 19 1 17
0 14 1 81
0 52 1 84
0 95 1 46
0 29 1 50
0 16 1 63
0 4 1 81
0 78 1 44
0 28 1 56
0 48 1 44
0 81 1 81
0 88 1 96
0 77 1 8
0 5 1 51
0 67 1 64
0 98 1 45
0 51 1 41
0 37 1 34
0 57 1 79
0 73 1 83
0 26 1 16
0 76 1 58
0 91 1 13
0 42 1 56
0 24 1 55
0 79 1 14
0 82 1 65
0 81 1 79
0 99 1 91
0 89 1 62
0 5 1 55
0 2 1 59
0 2 1 21
0 42 1 1
0 67 1 11
0 75 1 51
0 63 1 84
0 96 1 51
0 83 1 18
0 63 1 71
0 52 1 43
0 9 1 37
0 83 1 68
0 24 1 37
0 36 1 39
0 67 1 43
0 32 1 31
0 4 1 63
0 94 1 71
0 21 1 68
0 33 1 86
0 72 1 65
0 33 1 82
0 67 1 78
0 73 1 74
0 24 1 93
0 37 1 7
0 59 1 33
0 8 1 3
0 17 1 1
0 47 1 34
0 63 1 54
0 28 1 8
0 98 1 87
0 4 1 25
0 57 1 83
0 8 1 57
0 78 1 59
0 94 1 3
0 82 1 46
0 72 1 24
0 16 1 99
0 35 1 3
0 39 1 45
0 59 1 12
0 45 1 89
0 83 1 88
0 41 1 19
0 60 1 77
0 52 1 41
0 59 1 52
0 99 1 93
0 11 1 90
0 71 1 47
0 4 1 50
0 85 1 2
0 2 1 24
0 96 1 50
0 97 1 80
0 34 1 94
0 67 1 40
0 19 1 38
0 95 1 35
0 58 1 46
0 48 1 34
0 69 1 10
0 5 1 74
0 72 1 5
0 42 1 56
0 55 1 52
0 45 1 69
0 89 1 3
0 23 1 40
0 54 1 26
0 7 1 29
0 67 1 24
0 40 1 81
0 73 1 37
0 34 1 93
0 19 1 46
0 80 1 15
0 7 1 12
0 11 1 74
0 69 1 74
0 42 1 29
0 75 1 50
0 24 1 86
0 79 1 12
0 52 1 50
0 51 1 70
0 12 1 50
0 53 1 47
0 8 1 72
0 16 1 96
0 21 1 46
0 62 1 9
0 99 1 13
0 31 1 85
0 22 1 20
0 30 1 59
0 67 1 94
0 24 1 31
0 43 1 80
0 56 1 80
0 70 1 77
0 22 1 80
0 97 1 90
0 19 1 7
0 33 1 23
0 34 1 59
0 4 1 57
0 4 1 26
0 87 1 64
0 29 1 37
0 46 1 2
0 19 1 94
0 92 1 51
0 56 1 39
0 13 1 57
0 28 1 42
0 64 1 42
0 66 1 48
0 14 1 42
0 66 1 84
0 48 1 48
0 78 1 33
0 88 1 2
0 54 1 10
0 63 1 37
0 94 1 47
0 17 1 26
0 39 1 46
0 35 1 38
0 6 1 21
0 98 1 57
0 96 1 51
0 66 1 27
0 72 1 72
0 76 1 99
0 91 1 81
0 85 1 29
0 64 1 94
0 27 1 48
0 6 1 86
0 22 1 94
0 31 1 87
0 69 1 50
0 16 1 22
0 30 1 33
0 94 1 63
0 20 1 51
0 84 1 53
0 95 1 12
0 92 1 82
0 31 1 54
0 47 1 7
0 93 1 71
0 81 1 95
0 82 1 74
0 67 1 67
0 41 1 30
0 88 1 57
0 72 1 36
0 70 1 5
0 7 1 33
0 35 1 19
0 35 1 85
0 12 1 41
0 25 1 43
0 43 1 5
0 77 1 12
0 45 1 47
0 27 1 83
0 80 1 75
0 67 1 16
0 12 1 91
0 63 1 72
0 94 1 86
0 5 1 16
0 41 1 32
0 24 1 83
0 68 1 44
0 90 1 91
0 97 1 41
0 66 1 43
0 15 1 29
0 19 1 63
0 55 1 97
0 91 1 70
0 99 1 65
0 12 1 90
0 73 1 4
0 52 1 75
0 24 1 38
0 46 1 42
0 65 1 7
0 48 1 27
0 19 1 12
0 35 1 45
0 19 1 69
0 67 1 78
0 99 1 66
0 99 1 2
0 11 1 81
0 50 1 76
0 34 1 67
0 66 1 98
0 74 1 52
0 64 1 63
0 8 1 6
0 18 1 11
0 77 1 84
0 92 1 72
0 85 1 90
0 43 1 84
0 63 1 75
0 70 1 17
0 13 1 3
0 18 1 87
0 28 1 19
0 77 1 47
0 94 1 73
0 47 1 13
0 77 1 8
0 4 1 56
0 12 1 65
0 17 1 82
0 84 1 98
0 72 1 78
0 69 1 10
0 45 1 2
0 51 1 68
0 33 1 15
0 14 1 82
0 99 1 73
0 49 1 57
0 36 1 66
0 97 1 30
0 35 1 5
0 80 1 57
0 94 1 74
0 38 1 35
0 25 1 58
0 80 1 10
0 18 1 76
0 90 1 32
0 63 1 67
0 55 1 42
0 44 1 54
0 93 1 39
0 48 1 41
0 68 1 11
0 53 1 91
0 15 1 63
0 79 1 26
0 4 1 24
0 95 1 70
0 95 1 31
0 19 1 22
0 58 1 36
0 58 1 44
0 9 1 7
0 31 1 61
0 37 1 20
0 26 1 99
0 54 1 99
0 69 1 91
0 15 1 46
0 75 1 52
0 81 1 73
0 66 1 96
0 21 1 16
0 27 1 95
0 87 1 33
0 19 1 64
0 33 1 61
0 64 1 26
0 20 1 39
0 70 1 33
0 26 1 16
0 68 1 58
0 5 1 92
0 10 1 53
0 49 1 13
0 38 1 44
0 25 1 64
0 90 1 89
